63.062
1	66.841
2	66.966
3	75.449
4	73.498
5	70.585
6	83.806
7	80.25
8	86.93
9	73.387
10	57.065
11	56.149
12	76.255
13	75.496
14	81.727
15	76.14
16	85.823
17	86.386
18	91.242
19	74.424
20	80.951
21	81.192
22	81.192
23	80.886
24	90.698
25	63.802
26	48.231
27	63.237
28	64.079
29	63.596
30	47.323
31	37.297
32	40.175
33	18.977
34	39.594
35	52.933
36	50.75
37	40.67
38	53.036
39	42.253
40	41.762
41	41.762
42	39.674
43	46.71
44	39.188
45	37.886
46	37.675
47	30.034
48	42.797
49	50.949
50	68.926
51	75.639
52	64.241
53	56.034
54	59.668
55	32.638
56	62.912
57	59.802
58	53.259
59	79.639
60	90.371
61	74.402
62	44.823
63	51.789
64	68.802
65	75.891
66	61.417
67	61.164
68	57.314
69	39.732
70	48.986
71	44.835
72	46.656
73	46.825
74	59.201
75	70.841
76	88.74
77	88.828
78	91.532
79	76.107
80	75.392
81	75.753
82	76.228
83	44.962
84	44.424
85	45.154
86	75.948
87	74.152
88	63.545
89	70.922
90	53.652
91	56.251
92	50.37
93	50.937
94	84.167
95	89.129
96	87.259
97	73.339
98	75.012
99	67.724
100	50.604
101	72.581
102	59.204
103	52.086
104	40.374
105	45.906
106	50.737
107	65.717
108	76.657
109	70.852
110	63.105
111	53.341
112	53.741
113	57.739
114	74.93
115	63.928
116	61.637
117	56.742
118	51.024
119	60.135
120	70.078
121	54.563
122	70.509
123	77.745
124	82.282
125	74.424
126	75.507
127	92.551
128	75.486
129	74.616
130	75.894
131	76.186
132	91.608
133	87.742
134	75.626
135	67.792
136	67.613
137	66.407
138	61.561
139	66.338
140	45.852
141	49.584
142	36.058
143	44.045
144	37.429
145	52.536
146	56.274
147	61.633
148	68.205
149	61.979
150	74.743
151	71.331
152	77.72
153	70.537
154	53.455
155	36.354
156	28.269
157	25.848
158	32.353
159	37.113
160	56.957
161	65.853
162	57.879
163	57.889
164	58.959
165	54.223
166	79.104
167	89.558
168	76.551
169	67.575
170	67.598
171	50.897
172	57.918
173	66.56
174	64.123
175	58.539
176	62.511
177	62.714
178	74.477
179	83.917
180	79.088
181	64.306
182	79.305
183	89.536
184	61.734
185	34.926
186	44.159
187	33.208
188	51.427
189	39.667
190	51.427
191	54.587
192	85.652
193	78.702
194	62.038
195	71.66
196	49.869
197	57.174
198	74.604
199	74.603
200	76.099
201	76.235
202	77.83
203	76.688
204	62.844
205	66.255
206	54.37
207	81.475
208	64.234
209	42.946
210	50.973
211	52.096
212	67.49
213	55.231
214	71.441
215	68.425
216	52.322
217	40.11
218	41.776
219	57.183
220	51.254
221	79.517
222	78.821
223	82.327
224	91.133
225	89.565
226	89.853
227	53.59
228	47.858
229	30.796
230	40.518
231	37.808
232	40.414
233	48.247
234	60.588
235	62.143
236	73.909
237	69.462
238	66.264
239	60.243
240	42.276
241	35.431
242	54.458
243	68.79
244	62.026
245	46.297
246	38.077
247	42.129
248	53.298
249	67.031
250	74.017
251	64.122
252	58.968
253	43.219
254	39.861
255	45.74
256	61.99
257	54.672
258	49.077
259	45.917
260	58.182
261	42.425
262	57.329
263	76.972
264	79.256
265	64.724
266	87.169
267	86.965
268	87.434
269	73.448
270	64.223
271	47.045
272	72.096
273	63.153
274	57.924
275	45.593
276	45.36
277	24.284
278	24.11
279	23.983
280	62.098
281	58.589
282	63.227
283	57.047
284	57.047
285	48.216
286	56.541
287	67.836
288	62.496
289	53.559
290	53.742
291	68.362
292	66.397
293	74.174
294	72.797
295	66.279
296	54.746
297	70.807
298	71.893
299	59.768
300	59.768
301	59.768
302	60.862
303	65.401
304	65.043
305	63.431
306	75.352
307	75.76
308	71.212
309	76.81
310	88.751
311	79.172
312	74.623
313	93.136
314	93.5
315	93.488
316	76.51
317	76.51
318	76.428
319	73.655
320	89.852
321	89.999
322	92.476
323	89.581
324	61.494
325	72.121
326	72.797
327	78.095
328	67.524
329	66.54
330	66.397
331	67.784
332	72.423
333	72.634
334	77.377
